0.000010 0.000010 0.978300 0.021680
0.000017 0.000010 0.986057 0.013915
0.000010 0.000010 0.942808 0.057172
0.000010 0.000010 0.943372 0.056608
0.000010 0.000010 0.944498 0.055482
0.197336 0.000010 0.647230 0.155424
0.185111 0.000010 0.651518 0.163362
0.000010 0.000010 0.000010 0.999970
0.185647 0.000010 0.645310 0.169033
0.184578 0.000010 0.655868 0.159543
0.174343 0.000010 0.667620 0.158027
0.281323 0.000010 0.438287 0.280380
0.273304 0.000010 0.439542 0.287143
0.283341 0.000010 0.424363 0.292286
0.191285 0.000010 0.639251 0.169453
0.742345 0.000010 0.165600 0.092045
0.744550 0.000010 0.168748 0.086691
0.745831 0.000010 0.162846 0.091313
0.732086 0.000010 0.176832 0.091072
0.739241 0.000010 0.149571 0.111178
0.000011 0.000010 0.995480 0.004499
0.000010 0.000010 0.977416 0.022564
0.000010 0.000010 0.975676 0.024304
0.000010 0.000010 0.999970 0.000010
0.000010 0.000010 0.988001 0.011979
0.000010 0.000010 0.983810 0.016170
0.000010 0.000010 0.999970 0.000010
0.000010 0.000010 0.968337 0.031643
0.000010 0.000010 0.968175 0.031805
0.000010 0.000010 0.976609 0.023371
0.000010 0.000010 0.962301 0.037679
0.000010 0.000010 0.992565 0.007415
0.907796 0.072110 0.000010 0.020084
0.779100 0.015432 0.107396 0.098072
0.854462 0.000010 0.063245 0.082283
0.854875 0.000010 0.063227 0.081888
0.899983 0.074201 0.000010 0.025807
0.906212 0.093768 0.000010 0.000010
0.901385 0.092467 0.000010 0.006138
0.718593 0.000010 0.157356 0.124041
0.716859 0.000010 0.159529 0.123602
0.719146 0.000010 0.156018 0.124827
0.717590 0.000010 0.166150 0.116249
0.711622 0.000010 0.165967 0.122401
0.717466 0.000010 0.161708 0.120816
0.748200 0.000010 0.148975 0.102814
0.735043 0.000010 0.149455 0.115492
0.740753 0.000010 0.152182 0.107054
0.759032 0.000010 0.133887 0.107071
0.911040 0.088940 0.000010 0.000010
0.911412 0.088568 0.000010 0.000010
0.756337 0.061714 0.165089 0.016860
0.697479 0.000010 0.216351 0.086160
0.865434 0.109759 0.024797 0.000010
0.636446 0.000010 0.187201 0.176344
0.639789 0.000010 0.187265 0.172937
0.000010 0.000010 0.000010 0.999970
0.000010 0.000010 0.000010 0.999970
0.000010 0.000010 0.000010 0.999970
0.000010 0.000010 0.000010 0.999970
0.000010 0.000010 0.000010 0.999970
0.000010 0.000010 0.000010 0.999970
0.950501 0.049479 0.000010 0.000010
0.950871 0.049109 0.000010 0.000010
0.955034 0.044946 0.000010 0.000010
0.942636 0.057344 0.000010 0.000010
0.939961 0.060019 0.000010 0.000010
0.937796 0.062184 0.000010 0.000010
0.938097 0.061883 0.000010 0.000010
0.904830 0.095150 0.000010 0.000010
0.886541 0.113439 0.000010 0.000010
0.902552 0.097428 0.000010 0.000010
0.892007 0.107973 0.000010 0.000010
0.896966 0.103014 0.000010 0.000010
0.926768 0.066217 0.000010 0.007005
0.930243 0.069737 0.000010 0.000010
0.955001 0.044979 0.000010 0.000010
0.952459 0.047521 0.000010 0.000010
0.951950 0.048030 0.000010 0.000010
0.951046 0.048934 0.000010 0.000010
0.957231 0.042749 0.000010 0.000010
0.951610 0.048370 0.000010 0.000010
0.955769 0.044211 0.000010 0.000010
0.870553 0.101209 0.028227 0.000010
0.000010 0.000010 0.999970 0.000010
0.000010 0.000010 0.999970 0.000010
0.000010 0.000010 0.999970 0.000010
0.000010 0.000010 0.999970 0.000010
0.000010 0.000013 0.999967 0.000010
0.916000 0.073207 0.000010 0.010782
0.903588 0.077187 0.000010 0.019215
0.909330 0.073787 0.000010 0.016873
0.913542 0.072546 0.000010 0.013902
0.905559 0.067416 0.000010 0.027014
0.906234 0.083858 0.000010 0.009898
0.879427 0.120553 0.000010 0.000010
0.000010 0.000010 0.935011 0.064969
0.028762 0.000511 0.896421 0.074306
0.000010 0.000010 0.927992 0.071988
0.000010 0.000010 0.937763 0.062217
0.000010 0.000010 0.930184 0.069796
0.000010 0.999970 0.000010 0.000010
0.000010 0.999970 0.000010 0.000010
0.000010 0.999970 0.000010 0.000010
0.000010 0.999970 0.000010 0.000010
0.000010 0.999970 0.000010 0.000010
0.000010 0.999970 0.000010 0.000010
0.907463 0.092517 0.000010 0.000010
0.876218 0.123762 0.000010 0.000010
0.856017 0.104707 0.039266 0.000010
0.873262 0.126717 0.000011 0.000010
0.000010 0.999970 0.000010 0.000010
0.000010 0.000010 0.999970 0.000010
0.848826 0.000010 0.067845 0.083320
0.884471 0.115509 0.000010 0.000010
0.880417 0.119563 0.000010 0.000010
0.880738 0.119242 0.000010 0.000010
0.940992 0.058988 0.000010 0.000010
0.869228 0.130752 0.000010 0.000010
0.487182 0.033992 0.472033 0.006793
0.950085 0.049895 0.000010 0.000010
0.895836 0.104144 0.000010 0.000010
0.896409 0.103571 0.000010 0.000010
0.855624 0.144356 0.000010 0.000010
0.887627 0.112353 0.000010 0.000010
