0.999980 0.000010 0.000010
0.999980 0.000010 0.000010
0.999980 0.000010 0.000010
0.999980 0.000010 0.000010
0.999980 0.000010 0.000010
0.760781 0.239209 0.000010
0.768581 0.231409 0.000010
0.610400 0.389590 0.000010
0.768725 0.231265 0.000010
0.772447 0.227543 0.000010
0.783117 0.216873 0.000010
0.617876 0.382114 0.000010
0.624111 0.375879 0.000010
0.610758 0.389232 0.000010
0.761666 0.238324 0.000010
0.220024 0.779966 0.000010
0.220579 0.779411 0.000010
0.216799 0.783191 0.000010
0.231065 0.768925 0.000010
0.214384 0.785606 0.000010
0.999980 0.000010 0.000010
0.999980 0.000010 0.000010
0.999980 0.000010 0.000010
0.999980 0.000010 0.000010
0.999980 0.000010 0.000010
0.999980 0.000010 0.000010
0.999980 0.000010 0.000010
0.999980 0.000010 0.000010
0.999980 0.000010 0.000010
0.999980 0.000010 0.000010
0.999980 0.000010 0.000010
0.999980 0.000010 0.000010
0.000010 0.913816 0.086174
0.162159 0.815172 0.022670
0.104401 0.895589 0.000010
0.104287 0.895703 0.000010
0.009736 0.902740 0.087524
0.000010 0.892341 0.107649
0.000010 0.893475 0.106515
0.229839 0.770151 0.000010
0.233304 0.766686 0.000010
0.229925 0.770065 0.000010
0.235096 0.764894 0.000010
0.238914 0.761076 0.000010
0.233756 0.766234 0.000010
0.208613 0.791377 0.000010
0.216950 0.783040 0.000010
0.214893 0.784346 0.000761
0.194973 0.805017 0.000010
0.000010 0.896873 0.103117
0.000010 0.897198 0.102792
0.176770 0.749634 0.073595
0.269696 0.730294 0.000010
0.022262 0.851600 0.126138
0.294496 0.705494 0.000010
0.292615 0.707375 0.000010
0.610657 0.389333 0.000010
0.615102 0.384888 0.000010
0.611762 0.388228 0.000010
0.617637 0.382353 0.000010
0.621496 0.378494 0.000010
0.613436 0.386554 0.000010
0.000010 0.933536 0.066454
0.000010 0.933849 0.066141
0.000010 0.935867 0.064123
0.000010 0.926236 0.073754
0.000010 0.923206 0.076784
0.000010 0.921944 0.078046
0.000010 0.922319 0.077671
0.000010 0.889695 0.110295
0.000010 0.871756 0.128234
0.000010 0.887792 0.112198
0.000010 0.877149 0.122841
0.000010 0.882343 0.117647
0.000010 0.918858 0.081132
0.000010 0.915117 0.084873
0.000010 0.937198 0.062792
0.000010 0.934607 0.065383
0.000010 0.933245 0.066745
0.000010 0.933288 0.066702
0.000010 0.939367 0.060623
0.000010 0.933962 0.066028
0.000010 0.938155 0.061835
0.025324 0.856725 0.117951
0.999980 0.000010 0.000010
0.999980 0.000010 0.000010
0.999980 0.000010 0.000010
0.999980 0.000010 0.000010
0.999980 0.000010 0.000010
0.000010 0.912636 0.087354
0.000010 0.908604 0.091386
0.000010 0.912472 0.087518
0.000010 0.913242 0.086748
0.000010 0.918671 0.081319
0.000010 0.901990 0.098000
0.000010 0.864854 0.135136
0.999980 0.000010 0.000010
0.966804 0.030787 0.002409
0.999980 0.000010 0.000010
0.999980 0.000010 0.000010
0.999980 0.000010 0.000010
0.000010 0.000010 0.999980
0.000010 0.000010 0.999980
0.000010 0.000010 0.999980
0.000012 0.000010 0.999978
0.000010 0.000010 0.999980
0.000012 0.000010 0.999978
0.000010 0.892802 0.107188
0.000010 0.861697 0.138293
0.038246 0.841222 0.120532
0.000010 0.858354 0.141636
0.000010 0.000010 0.999980
0.999980 0.000010 0.000010
0.109655 0.890335 0.000010
0.000010 0.869722 0.130268
0.000010 0.865701 0.134289
0.000010 0.866352 0.133638
0.000010 0.924117 0.075873
0.000010 0.855216 0.144774
0.483757 0.472716 0.043526
0.000010 0.930837 0.069153
0.000010 0.879733 0.120257
0.000010 0.880067 0.119923
0.000010 0.840536 0.159454
0.000010 0.871442 0.128548
