0.547108 0.000010 0.180934 0.257425 0.014524
0.515028 0.000010 0.177740 0.292035 0.015187
0.918554 0.000010 0.056570 0.024856 0.000010
0.974964 0.000010 0.025006 0.000010 0.000010
0.914214 0.000010 0.046778 0.038468 0.000530
0.940836 0.000010 0.048672 0.005977 0.004505
0.869345 0.000010 0.094621 0.033170 0.002854
0.940093 0.000010 0.040397 0.015614 0.003886
0.953510 0.000010 0.046460 0.000010 0.000010
0.897731 0.000010 0.066967 0.035283 0.000010
0.894578 0.000010 0.074409 0.027547 0.003456
0.886346 0.000010 0.079979 0.033654 0.000010
0.933291 0.000010 0.041947 0.024427 0.000325
0.873458 0.000010 0.083167 0.041305 0.002059
0.927795 0.000010 0.070946 0.001239 0.000010
0.883467 0.000010 0.085973 0.026523 0.004028
0.931553 0.000010 0.053350 0.015076 0.000010
0.936412 0.000010 0.055400 0.008167 0.000010
0.902623 0.000010 0.068552 0.027114 0.001701
0.823617 0.000010 0.111045 0.059911 0.005417
0.944570 0.000010 0.033753 0.020425 0.001242
0.948658 0.000010 0.042343 0.008979 0.000010
0.910890 0.000010 0.057671 0.029053 0.002376
0.147910 0.677671 0.000010 0.128172 0.046237
0.150548 0.681934 0.000010 0.125662 0.041846
0.150713 0.679621 0.000010 0.130923 0.038733
0.188334 0.639704 0.000010 0.128732 0.043220
0.131744 0.688398 0.000010 0.135159 0.044689
0.132531 0.686547 0.000010 0.140742 0.040170
0.138349 0.685898 0.000010 0.135704 0.040038
0.161780 0.654231 0.000010 0.138710 0.045269
0.193024 0.654882 0.000010 0.107270 0.044815
0.423249 0.001030 0.032648 0.514149 0.028924
0.068010 0.859525 0.000010 0.048849 0.023607
0.086920 0.836155 0.004780 0.050848 0.021297
0.071343 0.858639 0.000010 0.046613 0.023395
0.605836 0.002417 0.190783 0.195704 0.005260
0.000010 0.000010 0.000010 0.999960 0.000010
0.000010 0.000010 0.000010 0.999960 0.000010
0.009719 0.000010 0.000010 0.990251 0.000010
0.000010 0.000010 0.000010 0.999960 0.000010
0.146685 0.000010 0.027251 0.812858 0.013196
0.000010 0.000010 0.000010 0.999960 0.000010
0.000010 0.000010 0.000010 0.999960 0.000010
0.000010 0.000010 0.000010 0.999960 0.000010
0.163616 0.000010 0.018247 0.805707 0.012420
0.147892 0.000010 0.016754 0.826751 0.008593
0.000010 0.000010 0.000010 0.996364 0.003606
0.092152 0.000010 0.016931 0.878341 0.012566
0.000010 0.000010 0.000010 0.999960 0.000010
0.000010 0.000010 0.000010 0.999960 0.000010
0.140014 0.005597 0.000010 0.842150 0.012229
0.107663 0.000010 0.015871 0.866081 0.010375
0.000010 0.000010 0.000010 0.999960 0.000010
0.000010 0.000010 0.000010 0.999960 0.000010
0.000010 0.000010 0.000010 0.999960 0.000010
0.000010 0.000010 0.000010 0.999960 0.000010
0.000010 0.000010 0.000010 0.999960 0.000010
0.027860 0.000010 0.000010 0.972110 0.000010
0.000010 0.000010 0.000010 0.999960 0.000010
0.023484 0.001459 0.000010 0.973556 0.001491
0.000010 0.000010 0.000010 0.999960 0.000010
0.000010 0.000010 0.000010 0.999960 0.000010
0.000010 0.000010 0.000010 0.999960 0.000010
0.015844 0.000010 0.000010 0.984126 0.000010
0.000010 0.000010 0.000010 0.999960 0.000010
0.000010 0.000010 0.000010 0.999960 0.000010
0.127285 0.000010 0.021199 0.843004 0.008502
0.000010 0.000010 0.000010 0.999960 0.000010
0.047531 0.000010 0.000010 0.951827 0.000622
0.000010 0.000010 0.000010 0.999960 0.000010
0.009907 0.000010 0.000010 0.990063 0.000010
0.000010 0.000010 0.000010 0.999960 0.000010
0.000010 0.000010 0.000010 0.999960 0.000010
0.341574 0.000010 0.000010 0.648592 0.009814
0.141082 0.003336 0.032938 0.810862 0.011782
0.054601 0.000010 0.002006 0.939013 0.004370
0.096282 0.000010 0.004993 0.894085 0.004629
0.309704 0.000010 0.000010 0.690266 0.000010
0.220207 0.000010 0.000010 0.777930 0.001843
0.272552 0.000010 0.000010 0.726611 0.000817
0.106912 0.000010 0.006136 0.879821 0.007121
0.138804 0.000010 0.019252 0.835830 0.006103
0.287092 0.000010 0.000010 0.706749 0.006139
0.223902 0.000010 0.000010 0.776068 0.000010
0.201608 0.000010 0.000010 0.798362 0.000010
0.219049 0.000010 0.000010 0.779529 0.001402
0.197579 0.000010 0.000010 0.798269 0.004132
0.241017 0.000010 0.000010 0.758953 0.000010
0.196152 0.000010 0.000010 0.801593 0.002235
0.226755 0.000010 0.000010 0.773215 0.000010
0.095734 0.000010 0.008379 0.884102 0.011775
0.116928 0.000010 0.000010 0.874108 0.008944
0.123110 0.000010 0.016371 0.848089 0.012419
0.080977 0.000010 0.002513 0.905485 0.011016
0.122109 0.000010 0.024848 0.842500 0.010533
0.997088 0.000010 0.000010 0.000010 0.002882
0.999960 0.000010 0.000010 0.000010 0.000010
0.527736 0.000010 0.032801 0.417507 0.021945
0.556766 0.000010 0.037149 0.395041 0.011034
0.889692 0.000010 0.064717 0.043206 0.002374
0.455309 0.042068 0.072143 0.411032 0.019447
0.465864 0.034997 0.073491 0.403908 0.021741
0.434167 0.016967 0.064032 0.463643 0.021192
0.473998 0.016345 0.071184 0.416420 0.022052
0.535724 0.004677 0.062226 0.381563 0.015811
0.474332 0.035520 0.070896 0.405812 0.013439
0.489815 0.019224 0.066236 0.406728 0.017998
0.488493 0.026016 0.063557 0.402585 0.019349
0.519477 0.020625 0.078284 0.366720 0.014894
0.510626 0.010134 0.050327 0.408297 0.020616
0.524722 0.014976 0.063368 0.377697 0.019237
0.464381 0.006176 0.067885 0.443141 0.018417
0.503657 0.000010 0.061028 0.422475 0.012830
0.444091 0.001870 0.088143 0.442058 0.023837
0.496521 0.000010 0.073665 0.411698 0.018106
0.547086 0.035098 0.035428 0.364961 0.017428
0.530200 0.021632 0.052495 0.377747 0.017926
0.566027 0.023974 0.038786 0.353698 0.017514
0.255342 0.141903 0.112255 0.439008 0.051492
0.227884 0.142076 0.112463 0.467552 0.050025
0.227973 0.146071 0.118695 0.460165 0.047096
0.599200 0.002574 0.096978 0.284944 0.016304
0.091064 0.000010 0.907649 0.000010 0.001267
0.262672 0.006434 0.065452 0.634219 0.031223
0.273097 0.006561 0.077584 0.617033 0.025726
0.259184 0.008142 0.079232 0.628551 0.024890
0.348638 0.000010 0.022236 0.600631 0.028486
0.323264 0.005631 0.040456 0.607085 0.023563
0.524483 0.005309 0.062693 0.391790 0.015724
0.412029 0.000176 0.002433 0.560328 0.025034
0.492996 0.000010 0.040797 0.446064 0.020132
0.513971 0.003190 0.021007 0.441633 0.020200
0.459097 0.000010 0.037086 0.478737 0.025070
0.412551 0.000010 0.023576 0.539050 0.024813
0.394007 0.003710 0.036137 0.543693 0.022453
0.450506 0.000010 0.034651 0.496473 0.018359
0.460273 0.000010 0.036904 0.481927 0.020886
0.514280 0.000010 0.035523 0.432544 0.017643
0.491895 0.000010 0.039871 0.447587 0.020637
0.426596 0.000175 0.044206 0.508102 0.020920
0.481317 0.002269 0.028638 0.466970 0.020806
0.519091 0.005968 0.042946 0.414401 0.017593
0.358003 0.003879 0.025408 0.580130 0.032581
0.317521 0.004025 0.031031 0.618709 0.028714
0.358643 0.002442 0.022459 0.593652 0.022804
0.528059 0.001580 0.030550 0.428026 0.011784
0.999960 0.000010 0.000010 0.000010 0.000010
0.999960 0.000010 0.000010 0.000010 0.000010
0.998528 0.000010 0.000014 0.000010 0.001438
0.999960 0.000010 0.000010 0.000010 0.000010
0.999960 0.000010 0.000010 0.000010 0.000010
0.999960 0.000010 0.000010 0.000010 0.000010
0.999960 0.000010 0.000010 0.000010 0.000010
0.999960 0.000010 0.000010 0.000010 0.000010
0.999960 0.000010 0.000010 0.000010 0.000010
0.999956 0.000010 0.000014 0.000010 0.000010
0.999960 0.000010 0.000010 0.000010 0.000010
0.870455 0.000010 0.006432 0.120351 0.002751
0.999958 0.000010 0.000010 0.000012 0.000010
0.999960 0.000010 0.000010 0.000010 0.000010
0.999960 0.000010 0.000010 0.000010 0.000010
0.999960 0.000010 0.000010 0.000010 0.000010
0.999960 0.000010 0.000010 0.000010 0.000010
0.999960 0.000010 0.000010 0.000010 0.000010
0.999960 0.000010 0.000010 0.000010 0.000010
0.999960 0.000010 0.000010 0.000010 0.000010
0.999955 0.000015 0.000010 0.000010 0.000010
0.999960 0.000010 0.000010 0.000010 0.000010
0.999960 0.000010 0.000010 0.000010 0.000010
0.999960 0.000010 0.000010 0.000010 0.000010
0.999960 0.000010 0.000010 0.000010 0.000010
0.999959 0.000011 0.000010 0.000010 0.000010
0.510479 0.017419 0.073844 0.379917 0.018341
0.999960 0.000010 0.000010 0.000010 0.000010
0.998891 0.000010 0.000010 0.000010 0.001079
0.999953 0.000017 0.000010 0.000010 0.000010
0.070556 0.000010 0.902922 0.024958 0.001554
0.046723 0.000010 0.953247 0.000010 0.000010
0.000010 0.000010 0.999960 0.000010 0.000010
0.026591 0.000010 0.973379 0.000010 0.000010
0.000010 0.000010 0.999960 0.000010 0.000010
0.000010 0.000010 0.999960 0.000010 0.000010
0.000010 0.000010 0.999960 0.000010 0.000010
0.000010 0.000010 0.999960 0.000010 0.000010
0.000010 0.000010 0.999960 0.000010 0.000010
0.002878 0.000010 0.997092 0.000010 0.000010
0.000010 0.000010 0.999960 0.000010 0.000010
0.000010 0.000010 0.999960 0.000010 0.000010
0.000010 0.000010 0.999960 0.000010 0.000010
0.000010 0.000010 0.999960 0.000010 0.000010
0.000010 0.000010 0.999960 0.000010 0.000010
0.000010 0.000010 0.999960 0.000010 0.000010
0.000010 0.000010 0.999960 0.000010 0.000010
0.000010 0.000010 0.999960 0.000010 0.000010
0.000010 0.000010 0.999960 0.000010 0.000010
0.311230 0.000010 0.514224 0.152580 0.021957
0.250697 0.000010 0.663962 0.075892 0.009439
0.324847 0.000010 0.536742 0.123873 0.014528
0.263425 0.000010 0.638436 0.085616 0.012513
0.264282 0.000010 0.613958 0.105945 0.015806
0.073871 0.000010 0.926099 0.000010 0.000010
0.090521 0.000010 0.909449 0.000010 0.000010
0.143027 0.000010 0.851762 0.000010 0.005191
0.068187 0.000010 0.931783 0.000010 0.000010
0.089603 0.000010 0.905641 0.000010 0.004736
0.286800 0.003575 0.083279 0.605647 0.020700
0.385770 0.005217 0.051135 0.532497 0.025381
0.378841 0.005429 0.064443 0.518830 0.032457
0.389134 0.009145 0.250084 0.327282 0.024354
0.305022 0.014116 0.110749 0.531534 0.038580
0.318431 0.015425 0.104448 0.524808 0.036888
0.352857 0.012991 0.086839 0.512809 0.034504
0.422083 0.012709 0.047618 0.471115 0.046476
0.422805 0.008790 0.046014 0.489609 0.032782
0.442846 0.007708 0.042063 0.476884 0.030499
0.447644 0.014127 0.041035 0.457168 0.040027
0.474809 0.005779 0.034369 0.449998 0.035046
0.457255 0.007357 0.046221 0.451633 0.037533
0.449068 0.009655 0.050444 0.457094 0.033739
0.913988 0.000010 0.034402 0.046334 0.005267
0.898812 0.000010 0.062214 0.038753 0.000211
0.853130 0.000010 0.073466 0.073384 0.000010
0.894517 0.000010 0.060165 0.043428 0.001880
0.856118 0.000010 0.073140 0.063660 0.007072
0.897504 0.000010 0.059602 0.042874 0.000010
0.999960 0.000010 0.000010 0.000010 0.000010
0.885858 0.000010 0.079215 0.029478 0.005439
0.897617 0.000010 0.030286 0.072077 0.000010
0.719049 0.000010 0.025092 0.243167 0.012683
0.445987 0.000010 0.000010 0.546313 0.007680
0.595948 0.000010 0.142461 0.243583 0.017998
0.616466 0.000010 0.155613 0.211675 0.016235
0.601560 0.000010 0.150293 0.234805 0.013333
0.604626 0.000010 0.143644 0.233560 0.018160
0.597887 0.000010 0.137263 0.242573 0.022266
0.601983 0.000010 0.152445 0.230679 0.014883
0.623538 0.000010 0.136277 0.223304 0.016872
0.315763 0.118534 0.075704 0.440652 0.049347
0.259190 0.128771 0.088698 0.478437 0.044905
0.264550 0.129444 0.083477 0.474056 0.048473
0.323488 0.117218 0.075130 0.436226 0.047938
0.533217 0.000010 0.027350 0.419651 0.019772
0.000010 0.000010 0.000010 0.000010 0.999960
0.000010 0.000010 0.000010 0.000010 0.999960
0.000010 0.000011 0.000010 0.000010 0.999959
0.000010 0.000018 0.000010 0.000010 0.999952
0.000010 0.000010 0.000010 0.000010 0.999960
0.000010 0.000010 0.000010 0.000010 0.999960
0.000010 0.000010 0.000010 0.000010 0.999960
0.000010 0.000010 0.000010 0.000010 0.999960
0.276542 0.044073 0.036689 0.210722 0.431975
0.632707 0.000010 0.351614 0.015659 0.000010
0.603667 0.000010 0.365874 0.030440 0.000010
0.603483 0.000010 0.366068 0.030429 0.000010
0.632642 0.000010 0.329673 0.037666 0.000010
0.605214 0.000010 0.394756 0.000010 0.000010
0.615898 0.000010 0.330711 0.053370 0.000010
0.519542 0.000010 0.480428 0.000010 0.000010
0.533926 0.000010 0.466044 0.000010 0.000010
0.536273 0.000010 0.463697 0.000010 0.000010
0.582305 0.000010 0.138003 0.258037 0.021644
0.566370 0.000010 0.145744 0.275146 0.012729
0.553627 0.000010 0.149066 0.283318 0.013979
0.567240 0.000010 0.130326 0.283768 0.018655
0.305074 0.000010 0.000010 0.679119 0.015787
0.284299 0.000010 0.000010 0.704379 0.011302
0.294965 0.000010 0.010319 0.677669 0.017037
0.304439 0.000010 0.000010 0.685306 0.010235
0.316944 0.000010 0.000010 0.669773 0.013263
0.289015 0.000010 0.000010 0.700707 0.010258
0.324838 0.000010 0.000010 0.657186 0.017955
0.399036 0.000010 0.020074 0.567221 0.013659
0.407324 0.000010 0.018813 0.560045 0.013808
0.303698 0.013344 0.008685 0.661802 0.012470
0.316194 0.000010 0.000010 0.670365 0.013421
0.265733 0.000010 0.000010 0.724891 0.009356
0.220305 0.005218 0.369342 0.390540 0.014596
0.207201 0.003775 0.018283 0.762572 0.008170
0.257152 0.000010 0.000010 0.742577 0.000251
0.266497 0.000010 0.000010 0.725595 0.007888
0.218575 0.000010 0.010689 0.765725 0.005000
0.229797 0.000010 0.017357 0.741854 0.010983
0.220321 0.000010 0.018965 0.748451 0.012253
0.226705 0.000010 0.027549 0.736620 0.009115
0.249185 0.000010 0.092454 0.644587 0.013764
0.237272 0.000010 0.090422 0.657694 0.014603
0.345832 0.000010 0.000010 0.639448 0.014700
0.293470 0.000010 0.004110 0.690017 0.012392
0.307568 0.000010 0.000010 0.681390 0.011022
0.293606 0.000010 0.000010 0.694189 0.012186
0.369631 0.000010 0.015140 0.600028 0.015191
0.446218 0.000010 0.003950 0.538433 0.011389
0.418469 0.000010 0.012225 0.556790 0.012506
0.454930 0.000010 0.000010 0.532970 0.012079
0.221189 0.003431 0.094009 0.658481 0.022890
0.239764 0.004362 0.083181 0.649126 0.023567
0.221600 0.000811 0.078027 0.682538 0.017025
0.249263 0.009688 0.075454 0.643638 0.021957
0.230419 0.002314 0.072064 0.678573 0.016631
0.245539 0.006925 0.080116 0.642283 0.025138
0.293141 0.010670 0.056120 0.610847 0.029222
0.265281 0.008107 0.118510 0.590265 0.017837
0.188241 0.000010 0.658193 0.146904 0.006652
0.000010 0.000010 0.999960 0.000010 0.000010
0.074032 0.000010 0.877264 0.046041 0.002653
0.000452 0.000010 0.999389 0.000010 0.000139
0.021377 0.000010 0.978593 0.000010 0.000010
0.107710 0.000010 0.812246 0.077063 0.002971
0.000010 0.000010 0.999960 0.000010 0.000010
0.011214 0.000010 0.988756 0.000010 0.000010
0.026310 0.000010 0.973660 0.000010 0.000010
0.000010 0.000010 0.999960 0.000010 0.000010
0.000010 0.000010 0.999960 0.000010 0.000010
0.000010 0.000010 0.999960 0.000010 0.000010
0.000010 0.000010 0.999960 0.000010 0.000010
0.320622 0.000010 0.451847 0.211595 0.015926
0.000010 0.000010 0.999960 0.000010 0.000010
0.000010 0.000010 0.999960 0.000010 0.000010
0.000010 0.000010 0.999960 0.000010 0.000010
0.011399 0.000010 0.985753 0.000010 0.002828
0.087004 0.000010 0.854264 0.054852 0.003869
0.339904 0.000010 0.376874 0.269219 0.013994
0.031152 0.000010 0.961401 0.007426 0.000010
0.000010 0.000010 0.999960 0.000010 0.000010
0.056223 0.000010 0.910231 0.027571 0.005965
0.000010 0.000010 0.999960 0.000010 0.000010
0.086736 0.000010 0.876640 0.034792 0.001823
0.354141 0.005064 0.350862 0.267300 0.022633
0.331602 0.006076 0.366658 0.276092 0.019572
0.355252 0.005074 0.358446 0.261048 0.020181
0.353683 0.003645 0.351471 0.275340 0.015862
0.297507 0.000010 0.461017 0.226579 0.014887
0.000010 0.999960 0.000010 0.000010 0.000010
0.000010 0.999960 0.000010 0.000010 0.000010
0.000010 0.999960 0.000010 0.000010 0.000010
0.000010 0.999960 0.000010 0.000010 0.000010
0.000010 0.999960 0.000010 0.000010 0.000010
0.000010 0.996497 0.000010 0.003473 0.000010
0.447964 0.123418 0.080864 0.321083 0.026671
0.405449 0.234532 0.006984 0.166456 0.186579
0.074237 0.848601 0.000010 0.057709 0.019443
0.066736 0.851423 0.000010 0.061420 0.020411
0.477893 0.000010 0.085852 0.412694 0.023551
0.481895 0.000010 0.074466 0.428184 0.015445
0.483065 0.000312 0.077771 0.418951 0.019900
0.481752 0.000010 0.075374 0.425558 0.017307
0.499352 0.000010 0.068565 0.415065 0.017008
0.485709 0.000010 0.073566 0.424022 0.016693
0.488659 0.000010 0.068099 0.427036 0.016196
0.480733 0.000010 0.084248 0.415881 0.019128
0.495648 0.000010 0.071382 0.415158 0.017802
0.471682 0.000010 0.085905 0.420496 0.021907
0.000010 0.999960 0.000010 0.000010 0.000010
0.000010 0.999960 0.000010 0.000010 0.000010
0.051351 0.903972 0.000010 0.000010 0.044657
0.020624 0.950565 0.000010 0.000010 0.028791
0.334106 0.009976 0.048167 0.582527 0.025224
0.618192 0.000010 0.104438 0.252374 0.024986
0.397579 0.007112 0.064115 0.504633 0.026562
0.657099 0.000010 0.096575 0.221722 0.024595
0.303975 0.126647 0.092742 0.424929 0.051707
0.311595 0.009012 0.043736 0.612969 0.022688
0.462556 0.001859 0.074503 0.441892 0.019191
0.394243 0.001939 0.250440 0.343067 0.010310
0.329300 0.000010 0.252722 0.404631 0.013337
0.370930 0.000010 0.306121 0.313897 0.009042
0.612265 0.000010 0.103086 0.262767 0.021872
0.568778 0.000010 0.162764 0.241467 0.026981
0.336282 0.005302 0.034133 0.592823 0.031460
0.000010 0.999960 0.000010 0.000010 0.000010
0.000010 0.999960 0.000010 0.000010 0.000010
0.000010 0.999960 0.000010 0.000010 0.000010
0.000010 0.999960 0.000010 0.000010 0.000010
0.000010 0.999960 0.000010 0.000010 0.000010
0.442450 0.010889 0.145102 0.348180 0.053379
0.424985 0.017019 0.143404 0.359602 0.054990
0.437469 0.014579 0.135435 0.353419 0.059098
0.443016 0.014291 0.145805 0.351877 0.045012
0.444341 0.015779 0.151905 0.330502 0.057473
0.506525 0.003265 0.146117 0.297814 0.046279
0.489047 0.007683 0.131141 0.330347 0.041782
0.472271 0.007557 0.148971 0.317175 0.054026
0.473640 0.007475 0.154426 0.319138 0.045320
0.468853 0.008764 0.143107 0.327760 0.051516
0.264148 0.146894 0.082193 0.332500 0.174264
0.275910 0.150102 0.069672 0.331187 0.173131
0.273942 0.144157 0.072767 0.340085 0.169049
0.260796 0.158681 0.086216 0.330300 0.164007
0.279265 0.144029 0.073290 0.332750 0.170666
0.442718 0.000010 0.274184 0.261802 0.021286
0.241609 0.008830 0.077243 0.652607 0.019711
0.213871 0.010010 0.083932 0.672685 0.019502
0.237364 0.003108 0.067030 0.668141 0.024356
0.226065 0.004591 0.083635 0.667507 0.018202
0.252638 0.008892 0.088242 0.629941 0.020287
0.223267 0.008758 0.076457 0.670062 0.021456
0.241717 0.011195 0.077459 0.645960 0.023670
0.235952 0.004781 0.085952 0.652779 0.020536
0.000010 0.999960 0.000010 0.000010 0.000010
0.318189 0.337721 0.011145 0.184580 0.148365
0.366435 0.289169 0.007192 0.188466 0.148738
0.325263 0.332991 0.012159 0.183715 0.145872
0.295651 0.000010 0.034019 0.649864 0.020456
0.250904 0.003415 0.047849 0.681202 0.016629
0.247489 0.002424 0.049978 0.677700 0.022409
0.308295 0.000010 0.023371 0.652352 0.015972
0.315605 0.000010 0.084365 0.588026 0.011994
0.778634 0.000010 0.131575 0.089771 0.000010
0.266637 0.024321 0.109576 0.575919 0.023548
