0.269151 0.000010 0.730839
0.260899 0.000010 0.739091
0.236463 0.000010 0.763527
0.228102 0.000010 0.771888
0.220245 0.000010 0.779745
0.234438 0.000010 0.765552
0.265115 0.000010 0.734875
0.213235 0.000010 0.786755
0.233127 0.000010 0.766863
0.241916 0.000010 0.758074
0.256643 0.000010 0.743347
0.258592 0.000010 0.741398
0.224296 0.000010 0.775694
0.255060 0.000010 0.744930
0.259437 0.000010 0.740553
0.265441 0.000010 0.734549
0.241567 0.000010 0.758423
0.238993 0.000010 0.760997
0.242287 0.000010 0.757703
0.270232 0.000010 0.729758
0.213616 0.000010 0.786374
0.226770 0.000010 0.773220
0.235371 0.000010 0.764619
0.000010 0.684934 0.315056
0.000010 0.688007 0.311983
0.000010 0.685773 0.314217
0.000010 0.646640 0.353350
0.000010 0.695498 0.304492
0.000010 0.693190 0.306800
0.000010 0.692107 0.307883
0.000010 0.661086 0.338904
0.000010 0.661907 0.338083
0.077469 0.003682 0.918849
0.000010 0.863785 0.136205
0.014427 0.840105 0.145468
0.000010 0.863288 0.136702
0.301817 0.002959 0.695224
0.000010 0.000010 0.999980
0.000010 0.002582 0.997408
0.000010 0.000010 0.999980
0.000010 0.000010 0.999980
0.030386 0.008097 0.961517
0.000010 0.000010 0.999980
0.000010 0.000010 0.999980
0.000010 0.000010 0.999980
0.024958 0.007050 0.967992
0.023148 0.006122 0.970730
0.000010 0.006582 0.993408
0.015472 0.011424 0.973104
0.000010 0.000010 0.999980
0.000010 0.000010 0.999980
0.003774 0.016123 0.980103
0.016752 0.008198 0.975050
0.000010 0.002147 0.997843
0.000010 0.000010 0.999980
0.000010 0.000010 0.999980
0.000010 0.000010 0.999980
0.000010 0.000010 0.999980
0.000010 0.004469 0.995521
0.000010 0.002893 0.997097
0.000010 0.017757 0.982233
0.000010 0.000010 0.999980
0.000010 0.000010 0.999980
0.000010 0.003363 0.996627
0.000010 0.000010 0.999980
0.000010 0.000010 0.999980
0.000010 0.000010 0.999980
0.022764 0.007860 0.969376
0.000010 0.004402 0.995588
0.000010 0.007605 0.992385
0.000010 0.000010 0.999980
0.000010 0.002996 0.996994
0.000010 0.000010 0.999980
0.000010 0.000010 0.999980
0.000010 0.000010 0.999980
0.037010 0.013746 0.949244
0.000010 0.010742 0.989248
0.003584 0.004892 0.991524
0.000015 0.000010 0.999975
0.000010 0.000010 0.999980
0.000016 0.000010 0.999974
0.007845 0.003742 0.988413
0.023608 0.008926 0.967466
0.000018 0.000010 0.999972
0.000010 0.000010 0.999980
0.000010 0.000010 0.999980
0.000010 0.000010 0.999980
0.000010 0.000010 0.999980
0.000010 0.000010 0.999980
0.000010 0.000010 0.999980
0.000010 0.000010 0.999980
0.007224 0.009193 0.983583
0.000010 0.011399 0.988591
0.019027 0.010108 0.970865
0.000010 0.010618 0.989372
0.027393 0.008366 0.964241
0.125967 0.000010 0.874023
0.158409 0.000010 0.841581
0.102415 0.000010 0.897575
0.112411 0.000010 0.887579
0.238401 0.000010 0.761589
0.133434 0.043795 0.822771
0.138174 0.036902 0.824925
0.120443 0.019532 0.860025
0.134020 0.017571 0.848409
0.136477 0.005542 0.857980
0.136833 0.036380 0.826787
0.135092 0.020911 0.843997
0.131412 0.027253 0.841334
0.153498 0.020802 0.825700
0.120724 0.011748 0.867528
0.143915 0.015624 0.840462
0.131149 0.007988 0.860863
0.130170 0.000010 0.869820
0.147591 0.003631 0.848778
0.145587 0.000010 0.854403
0.106264 0.035485 0.858252
0.124797 0.021586 0.853617
0.119393 0.024359 0.856248
0.135439 0.150290 0.714271
0.131281 0.150651 0.718067
0.136785 0.154266 0.708949
0.190408 0.002799 0.806793
0.949097 0.000010 0.050893
0.086884 0.013670 0.899446
0.099924 0.012740 0.887336
0.098830 0.015060 0.886110
0.053519 0.004712 0.941769
0.069528 0.010714 0.919758
0.142129 0.006029 0.851842
0.038060 0.003944 0.957996
0.108506 0.001974 0.889520
0.087527 0.004351 0.908122
0.096657 0.003483 0.899859
0.066089 0.004307 0.929604
0.076913 0.007659 0.915428
0.090449 0.002256 0.907295
0.089372 0.001775 0.908853
0.104753 0.001395 0.893852
0.108300 0.000010 0.891690
0.095172 0.003492 0.901336
0.088620 0.004753 0.906627
0.116783 0.007687 0.875530
0.057888 0.007410 0.934701
0.061138 0.010577 0.928286
0.054048 0.007584 0.938367
0.099151 0.002062 0.898788
0.166131 0.000010 0.833859
0.156092 0.000010 0.843898
0.135641 0.000010 0.864349
0.154011 0.000010 0.845979
0.159080 0.000010 0.840910
0.151259 0.000010 0.848731
0.129460 0.000010 0.870530
0.150300 0.000010 0.849690
0.140367 0.000010 0.859623
0.161956 0.000010 0.838034
0.151408 0.000010 0.848582
0.140703 0.000010 0.859287
0.140544 0.000010 0.859446
0.143827 0.000010 0.856163
0.126594 0.000010 0.873396
0.149301 0.000010 0.850689
0.132199 0.000010 0.867791
0.123424 0.000010 0.876566
0.146527 0.000010 0.853463
0.138941 0.000010 0.861049
0.152429 0.000010 0.847561
0.133749 0.000010 0.866241
0.136933 0.000010 0.863057
0.142096 0.000010 0.857894
0.118856 0.000010 0.881134
0.146415 0.000010 0.853575
0.149768 0.018614 0.831617
0.129297 0.000010 0.870693
0.133099 0.000010 0.866891
0.117195 0.000010 0.882795
0.923238 0.000010 0.076752
0.987108 0.000010 0.012882
0.999980 0.000010 0.000010
0.997134 0.000010 0.002856
0.999980 0.000010 0.000010
0.999980 0.000010 0.000010
0.999980 0.000010 0.000010
0.999980 0.000010 0.000010
0.999980 0.000010 0.000010
0.999980 0.000010 0.000010
0.999980 0.000010 0.000010
0.999980 0.000010 0.000010
0.999980 0.000010 0.000010
0.999980 0.000010 0.000010
0.999980 0.000010 0.000010
0.999980 0.000010 0.000010
0.999980 0.000010 0.000010
0.999980 0.000010 0.000010
0.999980 0.000010 0.000010
0.576072 0.000010 0.423918
0.718863 0.000010 0.281127
0.605958 0.000010 0.394032
0.696764 0.000010 0.303226
0.670388 0.000010 0.329602
0.964045 0.000010 0.035945
0.960497 0.000010 0.039493
0.898529 0.000010 0.101461
0.974697 0.000010 0.025293
0.936782 0.000010 0.063208
0.109546 0.008157 0.882297
0.093693 0.009205 0.897102
0.104283 0.010245 0.885471
0.308554 0.011412 0.680034
0.141346 0.022220 0.836435
0.136258 0.023347 0.840395
0.125248 0.018597 0.856155
0.093943 0.017852 0.888205
0.092201 0.012654 0.895145
0.090498 0.010917 0.898584
0.090673 0.017788 0.891539
0.088185 0.008943 0.902872
0.095578 0.011970 0.892452
0.102669 0.013510 0.883822
0.208204 0.000010 0.791786
0.234879 0.000010 0.765111
0.239255 0.000010 0.760735
0.231998 0.000010 0.767992
0.249243 0.000010 0.750747
0.243342 0.000010 0.756648
0.186737 0.000010 0.813253
0.251092 0.000010 0.748898
0.198529 0.000010 0.801461
0.140772 0.000010 0.859218
0.044031 0.001417 0.954552
0.247003 0.000010 0.752987
0.269275 0.000010 0.730715
0.262624 0.000010 0.737366
0.248882 0.000010 0.751108
0.242306 0.000010 0.757684
0.263426 0.000010 0.736564
0.247954 0.000010 0.752036
0.107006 0.125074 0.767920
0.111279 0.135551 0.753170
0.106806 0.136626 0.756568
0.109389 0.123972 0.766639
0.094256 0.000010 0.905734
0.000010 0.125570 0.874420
0.000010 0.129187 0.870803
0.000010 0.114975 0.885015
0.000010 0.124649 0.875341
0.000010 0.121963 0.878027
0.000010 0.122146 0.877844
0.000010 0.123379 0.876611
0.000010 0.121971 0.878019
0.086710 0.107327 0.805963
0.462490 0.000010 0.537500
0.470793 0.000010 0.529197
0.463899 0.000010 0.536091
0.437237 0.000010 0.562753
0.509379 0.000010 0.490611
0.432588 0.000010 0.567402
0.602221 0.000010 0.397769
0.591481 0.000010 0.408509
0.591902 0.000010 0.408088
0.225818 0.000010 0.774172
0.230909 0.000010 0.769081
0.232251 0.000010 0.767739
0.213939 0.000010 0.786051
0.021210 0.000010 0.978780
0.002715 0.000010 0.997275
0.030707 0.001836 0.967458
0.006036 0.000010 0.993954
0.016430 0.002540 0.981030
0.000010 0.000010 0.999980
0.019359 0.002182 0.978459
0.061064 0.000010 0.938926
0.061031 0.000010 0.938959
0.029629 0.016613 0.953759
0.004323 0.000409 0.995267
0.000010 0.001818 0.998172
0.395366 0.009448 0.595186
0.026429 0.008380 0.965191
0.000010 0.000010 0.999980
0.003982 0.003763 0.992254
0.020027 0.004000 0.975973
0.031983 0.002944 0.965074
0.029293 0.005925 0.964781
0.038887 0.003128 0.957985
0.109066 0.003373 0.887561
0.105936 0.003248 0.890816
0.009999 0.000010 0.989991
0.025604 0.001985 0.972411
0.016445 0.000642 0.982914
0.000010 0.001712 0.998278
0.050918 0.000010 0.949072
0.059249 0.000010 0.940741
0.059370 0.000010 0.940620
0.050968 0.000010 0.949022
0.109528 0.012518 0.877954
0.101158 0.011709 0.887133
0.091762 0.009536 0.898702
0.095270 0.016687 0.888043
0.086181 0.010226 0.903592
0.099216 0.013744 0.887040
0.082251 0.018976 0.898773
0.141564 0.012969 0.845467
0.692991 0.000010 0.306999
0.999980 0.000010 0.000010
0.897579 0.000010 0.102411
0.999980 0.000010 0.000010
0.996113 0.000010 0.003877
0.837262 0.000010 0.162728
0.999980 0.000010 0.000010
0.999980 0.000010 0.000010
0.993451 0.000010 0.006539
0.999980 0.000010 0.000010
0.999980 0.000010 0.000010
0.999980 0.000010 0.000010
0.999980 0.000010 0.000010
0.508329 0.000010 0.491661
0.999980 0.000010 0.000010
0.999980 0.000010 0.000010
0.999980 0.000010 0.000010
0.996955 0.000010 0.003035
0.876803 0.000010 0.123187
0.434021 0.000010 0.565969
0.976641 0.000010 0.023349
0.999980 0.000010 0.000010
0.925370 0.000010 0.074620
0.999980 0.000010 0.000010
0.898932 0.000010 0.101058
0.409438 0.006918 0.583644
0.419181 0.007725 0.573094
0.418399 0.006603 0.574998
0.408132 0.005505 0.586363
0.513564 0.000010 0.486426
0.000011 0.999979 0.000010
0.000010 0.999980 0.000010
0.000010 0.999980 0.000010
0.000010 0.999980 0.000010
0.000010 0.999980 0.000010
0.000010 0.999980 0.000010
0.139537 0.125524 0.734940
0.060204 0.257929 0.681867
0.000010 0.852197 0.147793
0.000010 0.854753 0.145237
0.147127 0.000010 0.852863
0.136868 0.000010 0.863122
0.140063 0.001463 0.858473
0.137364 0.000010 0.862626
0.132706 0.000010 0.867284
0.136183 0.000010 0.863807
0.130065 0.000010 0.869925
0.145336 0.000010 0.854654
0.134975 0.000010 0.865015
0.146498 0.000010 0.853492
0.000018 0.999972 0.000010
0.000010 0.999980 0.000010
0.000010 0.911199 0.088791
0.000010 0.954419 0.045571
0.078548 0.015743 0.905709
0.202205 0.000010 0.797785
0.108251 0.011001 0.880748
0.202100 0.000010 0.797890
0.123292 0.133681 0.743028
0.072436 0.017040 0.910524
0.135602 0.004030 0.860368
0.311932 0.002739 0.685330
0.301939 0.002489 0.695572
0.366715 0.000010 0.633275
0.195185 0.000010 0.804805
0.257541 0.000010 0.742449
0.065769 0.011824 0.922406
0.000010 0.999980 0.000010
0.000010 0.999980 0.000010
0.000010 0.999980 0.000010
0.000010 0.999980 0.000010
0.000010 0.999980 0.000010
0.206823 0.015954 0.777222
0.202384 0.023233 0.774383
0.197936 0.020211 0.781853
0.207660 0.018328 0.774011
0.214263 0.019438 0.766299
0.221664 0.005470 0.772866
0.201040 0.009766 0.789194
0.217557 0.010973 0.771470
0.222548 0.010912 0.766539
0.210933 0.012366 0.776701
0.111238 0.171070 0.717692
0.100027 0.173802 0.726172
0.102623 0.167836 0.729541
0.112959 0.181826 0.705215
0.104556 0.167507 0.727938
0.347802 0.001092 0.651106
0.094917 0.016245 0.888838
0.097161 0.017150 0.885689
0.083465 0.011626 0.904908
0.099465 0.012223 0.888313
0.108398 0.014569 0.877033
0.091357 0.016603 0.892040
0.095414 0.017145 0.887441
0.102929 0.011408 0.885664
0.000010 0.999980 0.000010
0.048983 0.358628 0.592389
0.050554 0.308799 0.640647
0.049190 0.353157 0.597653
0.056039 0.004840 0.939121
0.062797 0.010635 0.926568
0.064667 0.009752 0.925581
0.046041 0.000778 0.953182
0.109320 0.003864 0.886815
0.273498 0.000010 0.726492
0.131028 0.029350 0.839622
