0.547025 0.181693 0.000010 0.271272
0.515253 0.178553 0.000010 0.306184
0.915103 0.057917 0.000010 0.026971
0.972768 0.027212 0.000010 0.000010
0.911017 0.047608 0.000010 0.041365
0.938233 0.049507 0.000010 0.012250
0.866689 0.095751 0.000010 0.037550
0.937656 0.041521 0.000010 0.020813
0.951291 0.048623 0.000010 0.000075
0.894305 0.068391 0.000010 0.037294
0.891869 0.075796 0.000010 0.032325
0.882946 0.081726 0.000010 0.035318
0.929437 0.043140 0.000010 0.027414
0.870084 0.084414 0.000010 0.045492
0.924389 0.072500 0.000010 0.003101
0.881369 0.087391 0.000010 0.031230
0.928228 0.055004 0.000010 0.016758
0.932678 0.056841 0.000010 0.010471
0.899120 0.069729 0.000010 0.031140
0.821323 0.112685 0.000010 0.065983
0.941108 0.034852 0.000010 0.024031
0.944508 0.043372 0.000010 0.012110
0.907994 0.059047 0.000010 0.032949
0.156168 0.000010 0.685764 0.158059
0.157297 0.000010 0.689038 0.153655
0.156704 0.000010 0.686321 0.156966
0.195481 0.000010 0.647161 0.157348
0.139101 0.000010 0.696198 0.164691
0.139018 0.000010 0.693501 0.167471
0.144660 0.000010 0.693020 0.162310
0.169586 0.000010 0.661771 0.168633
0.200449 0.000010 0.662505 0.137036
0.425276 0.033015 0.002538 0.539170
0.071600 0.000010 0.864468 0.063923
0.089873 0.005427 0.840724 0.063976
0.074948 0.000010 0.863436 0.061607
0.603029 0.192145 0.002618 0.202208
0.000016 0.000010 0.000010 0.999964
0.000010 0.000010 0.000010 0.999970
0.008654 0.000010 0.000010 0.991326
0.000016 0.000010 0.000010 0.999964
0.145427 0.028743 0.000010 0.825820
0.000013 0.000010 0.000010 0.999967
0.000013 0.000012 0.000010 0.999965
0.000010 0.000010 0.000010 0.999970
0.162157 0.019911 0.000010 0.817923
0.145407 0.018426 0.000010 0.836158
0.000010 0.000010 0.000010 0.999970
0.091264 0.018224 0.000010 0.890503
0.000014 0.000010 0.000010 0.999966
0.000013 0.000010 0.000010 0.999967
0.137995 0.001859 0.005923 0.854223
0.106504 0.017367 0.000010 0.876118
0.000010 0.000010 0.000010 0.999970
0.000010 0.000010 0.000010 0.999970
0.000012 0.000010 0.000010 0.999968
0.000017 0.000010 0.000010 0.999963
0.000010 0.000010 0.000010 0.999970
0.026794 0.002101 0.000010 0.971095
0.000010 0.000010 0.000010 0.999970
0.022642 0.000010 0.001146 0.976202
0.000019 0.000010 0.000010 0.999961
0.000013 0.000010 0.000010 0.999967
0.000010 0.000010 0.000010 0.999970
0.014424 0.000010 0.000010 0.985556
0.000018 0.000010 0.000010 0.999962
0.000010 0.000010 0.000010 0.999970
0.125365 0.022853 0.000010 0.851773
0.000010 0.000010 0.000010 0.999970
0.045837 0.000010 0.000010 0.954143
0.000010 0.000010 0.000010 0.999970
0.007970 0.000010 0.000010 0.992010
0.000010 0.000010 0.000010 0.999970
0.000019 0.000010 0.000010 0.999961
0.338995 0.000010 0.000010 0.660985
0.140130 0.033626 0.003912 0.822332
0.053425 0.003793 0.000010 0.942772
0.092163 0.008126 0.000010 0.899700
0.303586 0.000010 0.000010 0.696394
0.215521 0.000010 0.000010 0.784459
0.267816 0.000010 0.000010 0.732164
0.103387 0.008778 0.000010 0.887825
0.135478 0.020923 0.000010 0.843589
0.283614 0.000010 0.000010 0.716366
0.220217 0.000010 0.000010 0.779763
0.197339 0.000010 0.000010 0.802641
0.213803 0.000010 0.000010 0.786177
0.194131 0.000010 0.000010 0.805849
0.236004 0.000010 0.000010 0.763976
0.191812 0.000010 0.000010 0.808168
0.221558 0.000010 0.000010 0.778422
0.094107 0.010675 0.000010 0.895208
0.115568 0.000010 0.000010 0.884412
0.121799 0.018811 0.000010 0.859380
0.079369 0.004483 0.000010 0.916138
0.120143 0.026461 0.000010 0.853386
0.999521 0.000010 0.000010 0.000459
0.999970 0.000010 0.000010 0.000010
0.527414 0.033586 0.000010 0.438990
0.553983 0.037398 0.000010 0.408608
0.886931 0.066009 0.000010 0.047049
0.455393 0.072952 0.043164 0.428491
0.466735 0.074324 0.036544 0.422398
0.434030 0.064990 0.018241 0.482739
0.474401 0.071517 0.017256 0.436826
0.534490 0.062354 0.005500 0.397657
0.472743 0.071635 0.036032 0.419591
0.489383 0.066985 0.020249 0.423384
0.488473 0.063874 0.027174 0.420479
0.518625 0.078801 0.021178 0.381396
0.510479 0.050920 0.011236 0.427366
0.524611 0.064069 0.015874 0.395446
0.463690 0.068329 0.007375 0.460607
0.501479 0.061253 0.000010 0.437258
0.445306 0.088451 0.002790 0.463452
0.495787 0.074079 0.000010 0.430123
0.546604 0.035863 0.036110 0.381423
0.529385 0.052795 0.022369 0.395451
0.565607 0.039422 0.025080 0.369890
0.264470 0.111909 0.147139 0.476482
0.236359 0.112409 0.146985 0.504247
0.235690 0.118382 0.150688 0.495240
0.598988 0.097829 0.003316 0.299867
0.092080 0.907900 0.000010 0.000010
0.265978 0.066699 0.008205 0.659119
0.274490 0.078394 0.007806 0.639310
0.260392 0.079933 0.009594 0.650081
0.350438 0.022594 0.001124 0.625843
0.323405 0.040961 0.006623 0.629010
0.523614 0.063213 0.006015 0.407158
0.411974 0.002919 0.001821 0.583287
0.492861 0.041395 0.000591 0.465152
0.513696 0.021857 0.004017 0.460430
0.460183 0.038172 0.001751 0.499895
0.413351 0.024240 0.002011 0.560398
0.394498 0.036315 0.004989 0.564198
0.449431 0.035284 0.000531 0.514754
0.460307 0.037531 0.000010 0.502151
0.513561 0.036280 0.000355 0.449804
0.492110 0.040619 0.000010 0.467262
0.426284 0.044763 0.001225 0.527728
0.481088 0.029098 0.003298 0.486516
0.518652 0.043628 0.006892 0.430829
0.361082 0.025800 0.004968 0.608150
0.319219 0.031589 0.005848 0.643344
0.358570 0.022911 0.003689 0.614829
0.525706 0.030692 0.001991 0.441611
0.999970 0.000010 0.000010 0.000010
0.999970 0.000010 0.000010 0.000010
0.999970 0.000010 0.000010 0.000010
0.999970 0.000010 0.000010 0.000010
0.999970 0.000010 0.000010 0.000010
0.999970 0.000010 0.000010 0.000010
0.999970 0.000010 0.000010 0.000010
0.999970 0.000010 0.000010 0.000010
0.999970 0.000010 0.000010 0.000010
0.999970 0.000010 0.000010 0.000010
0.999970 0.000010 0.000010 0.000010
0.869428 0.006990 0.000010 0.123572
0.999970 0.000010 0.000010 0.000010
0.999969 0.000011 0.000010 0.000010
0.999970 0.000010 0.000010 0.000010
0.999970 0.000010 0.000010 0.000010
0.999970 0.000010 0.000010 0.000010
0.999970 0.000010 0.000010 0.000010
0.999970 0.000010 0.000010 0.000010
0.999970 0.000010 0.000010 0.000010
0.999970 0.000010 0.000010 0.000010
0.999970 0.000010 0.000010 0.000010
0.999970 0.000010 0.000010 0.000010
0.999969 0.000011 0.000010 0.000010
0.999970 0.000010 0.000010 0.000010
0.999969 0.000011 0.000010 0.000010
0.510302 0.074289 0.018198 0.397211
0.999970 0.000010 0.000010 0.000010
0.999970 0.000010 0.000010 0.000010
0.999970 0.000010 0.000010 0.000010
0.069873 0.902763 0.000010 0.027354
0.046583 0.953397 0.000010 0.000010
0.000010 0.999970 0.000010 0.000010
0.026663 0.973317 0.000010 0.000010
0.000010 0.999970 0.000010 0.000010
0.000010 0.999970 0.000010 0.000010
0.000010 0.999970 0.000010 0.000010
0.000010 0.999970 0.000010 0.000010
0.000010 0.999970 0.000010 0.000010
0.002378 0.997602 0.000010 0.000010
0.000010 0.999970 0.000010 0.000010
0.000010 0.999970 0.000010 0.000010
0.000010 0.999970 0.000010 0.000010
0.000010 0.999970 0.000010 0.000010
0.000010 0.999970 0.000010 0.000010
0.000011 0.999969 0.000010 0.000010
0.000010 0.999970 0.000010 0.000010
0.000010 0.999970 0.000010 0.000010
0.000010 0.999970 0.000010 0.000010
0.314650 0.514495 0.000010 0.170845
0.250806 0.663979 0.000010 0.085205
0.325708 0.537014 0.000010 0.137268
0.264788 0.638337 0.000010 0.096864
0.266282 0.613752 0.000010 0.119956
0.073808 0.926172 0.000010 0.000010
0.090364 0.909616 0.000010 0.000010
0.146409 0.853571 0.000010 0.000010
0.068139 0.931841 0.000010 0.000010
0.092732 0.907248 0.000010 0.000010
0.286437 0.084177 0.004678 0.624708
0.387030 0.051778 0.006656 0.554536
0.382016 0.064887 0.007627 0.545470
0.391432 0.250506 0.010568 0.347494
0.309469 0.111330 0.018658 0.560542
0.322372 0.104874 0.019944 0.552810
0.356373 0.087415 0.015395 0.540816
0.428549 0.048538 0.016113 0.506800
0.425796 0.046284 0.010872 0.517048
0.444983 0.041857 0.009399 0.503761
0.452584 0.041195 0.016739 0.489481
0.478625 0.034771 0.007963 0.478640
0.461416 0.046111 0.011299 0.481174
0.452024 0.050902 0.011870 0.485204
0.912563 0.035097 0.000010 0.052330
0.895408 0.063138 0.000010 0.041445
0.849098 0.074745 0.000010 0.076147
0.891409 0.061320 0.000010 0.047261
0.854479 0.074616 0.000010 0.070895
0.894260 0.061325 0.000010 0.044406
0.999970 0.000010 0.000010 0.000010
0.883712 0.080697 0.000010 0.035581
0.893823 0.031704 0.000010 0.074463
0.717685 0.025764 0.000010 0.256541
0.442064 0.000010 0.000010 0.557916
0.596742 0.143328 0.000010 0.259919
0.616175 0.156698 0.000010 0.227117
0.600786 0.151361 0.000010 0.247843
0.605222 0.144506 0.000010 0.250262
0.599750 0.138451 0.000010 0.261788
0.601682 0.153414 0.000010 0.244894
0.623229 0.137335 0.000010 0.239427
0.323771 0.075388 0.123048 0.477792
0.265631 0.088575 0.132824 0.512969
0.272388 0.083313 0.133928 0.510371
0.330121 0.074997 0.121678 0.473204
0.533162 0.028310 0.000010 0.438518
0.281312 0.000010 0.120904 0.597774
0.278456 0.000010 0.124481 0.597053
0.308507 0.000010 0.110744 0.580739
0.287836 0.000010 0.120275 0.591879
0.291461 0.000010 0.117653 0.590876
0.278225 0.000010 0.117769 0.603996
0.296382 0.000010 0.118691 0.584917
0.285090 0.000010 0.117796 0.597104
0.373186 0.054793 0.105668 0.466353
0.631742 0.352740 0.000010 0.015508
0.602930 0.366837 0.000010 0.030224
0.602445 0.367168 0.000010 0.030377
0.631817 0.330803 0.000010 0.037370
0.604052 0.395928 0.000010 0.000010
0.614880 0.332218 0.000010 0.052893
0.518809 0.481171 0.000010 0.000010
0.533554 0.466426 0.000010 0.000010
0.535504 0.464472 0.000014 0.000010
0.584648 0.138842 0.000010 0.276500
0.565396 0.146825 0.000010 0.287769
0.553362 0.150245 0.000010 0.296383
0.568231 0.131147 0.000010 0.300612
0.303017 0.000010 0.000010 0.696963
0.280649 0.000010 0.000010 0.719331
0.293291 0.011035 0.000010 0.695664
0.301021 0.000010 0.000010 0.698959
0.314342 0.000010 0.000010 0.685638
0.285021 0.000010 0.000010 0.714959
0.323702 0.000019 0.000010 0.676269
0.396444 0.020614 0.000010 0.582932
0.404990 0.019613 0.000010 0.575386
0.300292 0.009555 0.013442 0.676711
0.313290 0.000010 0.000010 0.686690
0.261534 0.000010 0.000010 0.738446
0.219989 0.369759 0.005778 0.404474
0.203330 0.018895 0.003725 0.774050
0.249964 0.000010 0.000010 0.750016
0.262351 0.000010 0.000010 0.737629
0.213015 0.011336 0.000010 0.775639
0.225870 0.018939 0.000010 0.755182
0.217282 0.020730 0.000010 0.761977
0.222598 0.028789 0.000010 0.748603
0.246828 0.093385 0.000010 0.659777
0.235292 0.091496 0.000010 0.673202
0.343984 0.000010 0.000010 0.655996
0.289807 0.004892 0.000010 0.705290
0.304064 0.000010 0.000010 0.695916
0.290529 0.000010 0.000010 0.709451
0.367727 0.015758 0.000010 0.616505
0.443131 0.004741 0.000010 0.552118
0.415915 0.012484 0.000010 0.571591
0.452576 0.000010 0.000010 0.547404
0.222288 0.095077 0.004665 0.677971
0.240753 0.084065 0.005564 0.669618
0.220876 0.078634 0.001556 0.698933
0.249571 0.076477 0.010676 0.663276
0.229543 0.072408 0.002995 0.695053
0.247445 0.081055 0.008065 0.663435
0.295876 0.056696 0.012469 0.634959
0.265230 0.119445 0.008891 0.606434
0.188082 0.658588 0.000010 0.153320
0.000011 0.999962 0.000018 0.000010
0.073741 0.877290 0.000010 0.048958
0.000295 0.999685 0.000010 0.000010
0.020932 0.979048 0.000010 0.000010
0.106798 0.812377 0.000010 0.080815
0.000010 0.999970 0.000010 0.000010
0.011165 0.988815 0.000010 0.000010
0.026077 0.973903 0.000010 0.000010
0.000010 0.999970 0.000010 0.000010
0.000010 0.999970 0.000010 0.000010
0.000010 0.999970 0.000010 0.000010
0.000010 0.999970 0.000010 0.000010
0.322244 0.452398 0.000010 0.225347
0.000010 0.999970 0.000010 0.000010
0.000010 0.999970 0.000010 0.000010
0.000010 0.999970 0.000010 0.000010
0.013257 0.986723 0.000010 0.000010
0.087001 0.854250 0.000010 0.058739
0.340555 0.377644 0.000010 0.281790
0.030943 0.961995 0.000010 0.007052
0.000010 0.999970 0.000010 0.000010
0.056366 0.909698 0.000010 0.033926
0.000010 0.999970 0.000010 0.000010
0.086387 0.876748 0.000010 0.036854
0.356761 0.351418 0.006405 0.285416
0.333395 0.367044 0.007164 0.292397
0.357265 0.359019 0.006189 0.277527
0.354592 0.352198 0.004956 0.288254
0.299278 0.461618 0.000010 0.239095
0.000010 0.000010 0.999970 0.000010
0.000010 0.000010 0.999970 0.000010
0.000010 0.000010 0.999970 0.000010
0.000010 0.000010 0.999970 0.000010
0.000010 0.000010 0.999970 0.000010
0.000010 0.000010 0.997002 0.002978
0.451463 0.081165 0.125999 0.341373
0.449318 0.011997 0.258346 0.280339
0.077033 0.000010 0.852601 0.070356
0.070148 0.000010 0.855179 0.074663
0.478310 0.086421 0.000010 0.435260
0.479410 0.074780 0.000010 0.445800
0.482112 0.078365 0.001168 0.438355
0.479889 0.076010 0.000010 0.444090
0.497384 0.068989 0.000010 0.433617
0.483658 0.074011 0.000010 0.442321
0.486262 0.068635 0.000010 0.445093
0.479508 0.084831 0.000010 0.435651
0.493841 0.071927 0.000010 0.434221
0.471443 0.086566 0.000010 0.441981
0.000010 0.000010 0.999970 0.000010
0.000010 0.000010 0.999970 0.000010
0.061873 0.000010 0.912009 0.026108
0.030215 0.000010 0.955618 0.014157
0.334723 0.048811 0.011298 0.605169
0.620798 0.105395 0.000010 0.273797
0.399387 0.064520 0.008577 0.527517
0.659582 0.097539 0.000010 0.242869
0.312599 0.092559 0.131653 0.463188
0.312057 0.044234 0.010193 0.633517
0.461751 0.074879 0.003280 0.460090
0.392823 0.251043 0.002221 0.353913
0.329504 0.253091 0.000172 0.417232
0.369709 0.306821 0.000010 0.323460
0.613644 0.103969 0.000010 0.282377
0.571974 0.163835 0.000140 0.264051
0.338475 0.034761 0.007088 0.619677
0.000010 0.000010 0.999970 0.000010
0.000010 0.000010 0.999970 0.000010
0.000010 0.000010 0.999970 0.000010
0.000010 0.000010 0.999970 0.000010
0.000010 0.000010 0.999970 0.000010
0.451879 0.145355 0.015580 0.387186
0.434160 0.143678 0.022588 0.399575
0.448712 0.135858 0.019845 0.395585
0.450381 0.146043 0.017859 0.385717
0.455313 0.152342 0.019397 0.372949
0.514005 0.146873 0.006326 0.332796
0.495965 0.131416 0.010221 0.362397
0.482651 0.149212 0.011283 0.356853
0.481483 0.154703 0.011244 0.352571
0.478151 0.143583 0.012557 0.365709
0.300775 0.083519 0.169300 0.446406
0.313537 0.071240 0.172190 0.443032
0.310033 0.073795 0.166073 0.450099
0.295505 0.086141 0.179963 0.438391
0.315811 0.074797 0.165643 0.443749
0.444911 0.274992 0.000647 0.279450
0.241419 0.078400 0.009726 0.670455
0.213502 0.084615 0.010640 0.691243
0.238575 0.067815 0.004416 0.689194
0.225897 0.084515 0.005643 0.683944
0.252970 0.089259 0.009870 0.647902
0.223352 0.077434 0.009704 0.689511
0.242759 0.078208 0.012116 0.666917
0.235950 0.086704 0.005600 0.671745
0.000010 0.000010 0.999970 0.000010
0.354080 0.011079 0.359174 0.275667
0.401834 0.008670 0.309840 0.279656
0.360806 0.011678 0.353772 0.273743
0.294446 0.035568 0.000010 0.669976
0.249210 0.048496 0.004146 0.698148
0.247016 0.050622 0.004587 0.697776
0.306260 0.024148 0.000010 0.669583
0.312935 0.084505 0.000010 0.602550
0.775328 0.134053 0.000010 0.090608
0.268169 0.110074 0.025703 0.596054
