0.003535 0.381305 0.615160
0.010578 0.365004 0.624418
0.000010 0.402683 0.597307
0.000010 0.392291 0.607699
0.001467 0.401556 0.596977
0.000110 0.384667 0.615223
0.023372 0.402626 0.574002
0.000010 0.385740 0.614250
0.000010 0.388655 0.611335
0.000010 0.385855 0.614135
0.011344 0.374535 0.614122
0.001546 0.900985 0.097469
0.015104 0.783512 0.201385
0.000010 0.922928 0.077062
0.000010 0.877120 0.122870
0.008952 0.937156 0.053892
0.002848 0.924823 0.072330
0.000010 0.999980 0.000010
0.000010 0.999980 0.000010
0.000010 0.919074 0.080916
0.008882 0.887373 0.103746
0.000819 0.871687 0.127494
0.000010 0.963051 0.036939
0.014277 0.855873 0.129850
0.000010 0.886437 0.113553
0.000010 0.917471 0.082519
0.000010 0.414585 0.585405
0.000010 0.395038 0.604952
0.002884 0.391136 0.605979
0.000010 0.396970 0.603020
0.000010 0.421203 0.578787
0.000010 0.386264 0.613726
0.000010 0.395421 0.604569
0.000010 0.402576 0.597414
0.000010 0.400280 0.599710
0.000010 0.396978 0.603012
0.000010 0.410159 0.589831
0.000010 0.389835 0.610155
0.000010 0.410239 0.589751
0.000010 0.421184 0.578806
0.000010 0.395419 0.604571
0.000010 0.922558 0.077432
0.000010 0.919919 0.080071
0.000010 0.898708 0.101282
0.000010 0.900843 0.099147
0.000010 0.916443 0.083547
0.000010 0.892285 0.107705
0.000010 0.911278 0.088712
0.000010 0.890923 0.109067
0.003480 0.886191 0.110329
0.000010 0.926747 0.073243
0.000010 0.895815 0.104175
0.000010 0.924180 0.075810
0.000010 0.913023 0.086967
0.000010 0.868760 0.131230
0.000010 0.936651 0.063339
0.041826 0.000010 0.958164
0.025503 0.000010 0.974487
0.037695 0.000010 0.962295
0.038067 0.000010 0.961923
0.042511 0.000010 0.957479
0.053362 0.000010 0.946628
0.045500 0.000010 0.954490
0.042558 0.000010 0.957432
0.040451 0.000010 0.959539
0.025540 0.000010 0.974450
0.053182 0.000010 0.946808
0.046160 0.000010 0.953830
0.044115 0.000010 0.955875
0.046119 0.000010 0.953871
0.054056 0.000010 0.945934
0.000010 0.407051 0.592939
0.000010 0.383690 0.616300
0.001291 0.405815 0.592894
0.010758 0.696567 0.292675
0.016331 0.000010 0.983659
0.000010 0.022979 0.977011
0.999980 0.000010 0.000010
0.018433 0.000010 0.981557
0.002700 0.000010 0.997290
0.009291 0.000010 0.990699
0.149566 0.000010 0.850424
0.151739 0.000010 0.848251
0.014398 0.000010 0.985592
0.000010 0.000010 0.999980
0.147501 0.000010 0.852489
0.025290 0.093581 0.881129
0.148148 0.000010 0.851842
0.044581 0.085588 0.869831
0.032458 0.055051 0.912490
0.016359 0.014400 0.969241
0.006523 0.010508 0.982969
0.017691 0.019021 0.963288
0.020047 0.052041 0.927912
0.030405 0.063669 0.905926
0.013320 0.017518 0.969162
0.019743 0.043787 0.936470
0.035913 0.069384 0.894703
0.011910 0.013873 0.974217
0.013141 0.082652 0.904207
0.010425 0.041636 0.947939
0.021888 0.068950 0.909162
0.051045 0.070937 0.878018
0.061331 0.035881 0.902788
0.054021 0.240290 0.705689
0.040696 0.054368 0.904936
0.031532 0.035320 0.933148
0.034542 0.072095 0.893363
0.023781 0.034533 0.941686
0.002008 0.022880 0.975112
0.034094 0.050566 0.915340
0.084043 0.039242 0.876716
0.000010 0.000010 0.999980
0.000010 0.045415 0.954575
0.000010 0.059106 0.940884
0.000010 0.000010 0.999980
0.000010 0.000010 0.999980
0.057342 0.226301 0.716357
0.047919 0.004780 0.947301
0.047587 0.000010 0.952403
0.054993 0.006545 0.938462
0.042159 0.000010 0.957831
0.070761 0.015759 0.913480
0.064424 0.036879 0.898697
0.032274 0.066745 0.900981
0.037166 0.052922 0.909911
0.021907 0.048771 0.929322
0.020740 0.034758 0.944501
0.040395 0.035506 0.924099
0.060991 0.033057 0.905952
0.000010 0.036391 0.963599
0.000010 0.004475 0.995515
0.000010 0.000010 0.999980
0.000010 0.000090 0.999900
0.000010 0.000010 0.999980
0.000010 0.008799 0.991191
0.000010 0.000010 0.999980
0.000010 0.049404 0.950586
0.000010 0.000010 0.999980
0.000010 0.000010 0.999980
0.004491 0.075633 0.919875
0.014382 0.681226 0.304392
0.004727 0.890369 0.104904
0.020895 0.037947 0.941157
0.000010 0.950773 0.049217
0.008773 0.974743 0.016484
0.075354 0.016211 0.908436
0.007184 0.479849 0.512967
0.002153 0.429086 0.568761
0.157549 0.000010 0.842441
0.018757 0.897848 0.083395
0.000458 0.676591 0.322951
0.013183 0.675441 0.311376
0.006345 0.951992 0.041663
0.003941 0.691629 0.304430
0.006760 0.658914 0.334326
0.000010 0.976981 0.023009
0.167226 0.000010 0.832764
0.010326 0.900068 0.089605
0.000010 0.999980 0.000010
0.000010 0.999980 0.000010
0.000010 0.999980 0.000010
0.000010 0.999980 0.000010
0.000010 0.999980 0.000010
0.011085 0.916109 0.072805
0.004293 0.939000 0.056707
0.000302 0.689245 0.310453
0.007611 0.642684 0.349705
0.182282 0.133949 0.683769
0.084014 0.425296 0.490689
0.999980 0.000010 0.000010
0.999980 0.000010 0.000010
0.999980 0.000010 0.000010
0.910939 0.056357 0.032704
0.973704 0.000010 0.026286
0.999980 0.000010 0.000010
0.758208 0.219251 0.022540
0.999980 0.000010 0.000010
0.999980 0.000010 0.000010
0.999980 0.000010 0.000010
0.999980 0.000010 0.000010
0.999980 0.000010 0.000010
0.856043 0.125208 0.018749
0.957010 0.003740 0.039250
0.947470 0.000010 0.052520
0.129176 0.000010 0.870814
0.999980 0.000010 0.000010
0.999980 0.000010 0.000010
