0.001168 0.769879 0.104185 0.049386 0.075381
0.008148 0.757404 0.075751 0.043939 0.114759
0.000010 0.734876 0.118221 0.084621 0.062272
0.000010 0.752220 0.116224 0.066934 0.064613
0.002427 0.819840 0.055111 0.047828 0.074794
0.001140 0.796755 0.092374 0.043990 0.065740
0.013999 0.774117 0.079031 0.070880 0.061973
0.000010 0.999960 0.000010 0.000010 0.000010
0.000010 0.753194 0.100558 0.068774 0.077465
0.000010 0.998467 0.000010 0.000010 0.001503
0.004207 0.704958 0.103061 0.075149 0.112625
0.000010 0.051372 0.058133 0.869800 0.020685
0.010863 0.107192 0.102799 0.727267 0.051878
0.000010 0.026876 0.075507 0.897598 0.000010
0.000010 0.049283 0.078130 0.846486 0.026090
0.004369 0.052757 0.048583 0.894282 0.000010
0.000010 0.033649 0.036689 0.902155 0.027498
0.000010 0.000010 0.000010 0.999960 0.000010
0.000010 0.000010 0.000010 0.999960 0.000010
0.000010 0.038506 0.059336 0.893295 0.008853
0.005669 0.043111 0.069568 0.859191 0.022460
0.000010 0.060477 0.087437 0.835976 0.016101
0.000010 0.051087 0.029171 0.919722 0.000010
0.009343 0.058714 0.063866 0.822994 0.045083
0.000010 0.053248 0.069869 0.853397 0.023475
0.000010 0.045702 0.058149 0.885316 0.010823
0.000010 0.999960 0.000010 0.000010 0.000010
0.000010 0.999960 0.000010 0.000010 0.000010
0.004236 0.795336 0.056513 0.046633 0.097282
0.000010 0.849829 0.064073 0.033340 0.052748
0.000010 0.999960 0.000010 0.000010 0.000010
0.000010 0.847812 0.049799 0.023054 0.079325
0.000010 0.999960 0.000010 0.000010 0.000010
0.000010 0.999960 0.000010 0.000010 0.000010
0.000010 0.999960 0.000010 0.000010 0.000010
0.000010 0.876916 0.043121 0.026532 0.053422
0.000010 0.999960 0.000010 0.000010 0.000010
0.000010 0.932986 0.035884 0.000010 0.031110
0.000010 0.795129 0.069414 0.077345 0.058102
0.000010 0.999960 0.000010 0.000010 0.000010
0.000010 0.976060 0.017891 0.000010 0.006029
0.000010 0.000010 0.093303 0.906667 0.000010
0.000010 0.000010 0.092959 0.907011 0.000010
0.000010 0.000010 0.115709 0.884261 0.000010
0.000010 0.000010 0.108392 0.891578 0.000010
0.000010 0.000010 0.095994 0.903976 0.000010
0.000010 0.000010 0.116226 0.883744 0.000010
0.000010 0.000010 0.096073 0.903184 0.000723
0.000010 0.000010 0.116111 0.882913 0.000956
0.000010 0.000010 0.109415 0.877907 0.012657
0.000010 0.000010 0.082186 0.917784 0.000010
0.000010 0.000010 0.116904 0.883066 0.000010
0.000010 0.000010 0.085026 0.914944 0.000010
0.000010 0.000010 0.102818 0.897152 0.000010
0.000010 0.000010 0.136336 0.858719 0.004925
0.000010 0.000010 0.075676 0.924294 0.000010
0.000010 0.000010 0.000010 0.000010 0.999960
0.000010 0.000010 0.000010 0.000010 0.999960
0.000010 0.000010 0.000010 0.000010 0.999960
0.000010 0.000010 0.000010 0.000010 0.999960
0.000010 0.000010 0.000010 0.000010 0.999960
0.000010 0.000010 0.000010 0.000010 0.999960
0.000010 0.000010 0.000010 0.000010 0.999960
0.000010 0.000010 0.000010 0.000010 0.999960
0.000010 0.000010 0.000010 0.000010 0.999960
0.000010 0.000010 0.000010 0.000010 0.999960
0.000010 0.000010 0.000010 0.000010 0.999960
0.000010 0.000010 0.000010 0.000010 0.999960
0.000010 0.001794 0.068385 0.000010 0.929801
0.000010 0.000010 0.076619 0.000010 0.923351
0.000010 0.000010 0.000010 0.000010 0.999960
0.000010 0.815451 0.063348 0.054170 0.067021
0.000010 0.881421 0.060321 0.000513 0.057735
0.000010 0.853319 0.037413 0.037666 0.071593
0.007659 0.141310 0.155623 0.624760 0.070648
0.010523 0.000010 0.794440 0.000010 0.195018
0.000010 0.000010 0.999960 0.000010 0.000010
0.999960 0.000010 0.000010 0.000010 0.000010
0.005903 0.006353 0.749658 0.000010 0.238076
0.000010 0.000010 0.847121 0.000010 0.152849
0.000010 0.000010 0.838979 0.000010 0.160991
0.064392 0.000010 0.135941 0.000010 0.799648
0.063926 0.000010 0.121867 0.000010 0.814187
0.001696 0.010257 0.744686 0.000010 0.243350
0.000010 0.000010 0.972039 0.000010 0.027931
0.019944 0.000010 0.000010 0.000010 0.980026
0.009581 0.065850 0.606611 0.054195 0.263764
0.018697 0.000010 0.000010 0.000010 0.981273
0.030254 0.053186 0.606796 0.054216 0.255548
0.017136 0.034632 0.659938 0.029418 0.258876
0.004735 0.022294 0.699210 0.000010 0.273751
0.000016 0.000010 0.831212 0.000010 0.168752
0.009402 0.025908 0.778561 0.000010 0.186119
0.007643 0.052623 0.661601 0.017578 0.260554
0.018215 0.043476 0.635646 0.036550 0.266113
0.005515 0.000010 0.825522 0.000010 0.168943
0.010555 0.027962 0.733559 0.014249 0.213674
0.024211 0.036138 0.627110 0.046655 0.265887
0.002290 0.005798 0.780271 0.000010 0.211632
0.004469 0.049646 0.699844 0.047456 0.198585
0.000010 0.013854 0.773341 0.015130 0.197664
0.005552 0.053750 0.586234 0.037431 0.317033
0.025652 0.056103 0.489895 0.046744 0.381605
0.029660 0.041649 0.419797 0.019252 0.489642
0.042397 0.170695 0.399696 0.163735 0.223476
0.028470 0.041369 0.648478 0.026082 0.255602
0.016414 0.029347 0.633603 0.010832 0.309803
0.021489 0.039204 0.647589 0.045931 0.245787
0.009709 0.035732 0.678725 0.005272 0.270562
0.000010 0.012615 0.803481 0.000010 0.183884
0.019956 0.034789 0.647171 0.023653 0.274431
0.033651 0.049560 0.184321 0.018923 0.713545
0.000010 0.000010 0.999960 0.000010 0.000010
0.000010 0.006373 0.888046 0.018996 0.086575
0.000010 0.028380 0.876051 0.019195 0.076364
0.000010 0.000010 0.999960 0.000010 0.000010
0.000010 0.000010 0.999960 0.000010 0.000010
0.049444 0.162791 0.427257 0.149783 0.210725
0.000010 0.000010 0.019200 0.000010 0.980770
0.000010 0.001952 0.043957 0.000010 0.954071
0.005176 0.035282 0.072071 0.000010 0.887461
0.000010 0.000010 0.009460 0.000010 0.990510
0.028454 0.031184 0.250729 0.002047 0.687586
0.025194 0.051396 0.368607 0.018128 0.536675
0.014845 0.015905 0.618623 0.050335 0.300292
0.019860 0.036451 0.655905 0.025719 0.262065
0.010925 0.036512 0.707249 0.017076 0.228237
0.013050 0.026472 0.726594 0.004000 0.229885
0.014353 0.049077 0.433453 0.014666 0.488451
0.027051 0.062221 0.364409 0.007980 0.538338
0.000010 0.000010 0.999960 0.000010 0.000010
0.000010 0.000010 0.999960 0.000010 0.000010
0.000010 0.000010 0.999960 0.000010 0.000010
0.000010 0.000010 0.999960 0.000010 0.000010
0.000010 0.000010 0.999960 0.000010 0.000010
0.000010 0.000010 0.999960 0.000010 0.000010
0.000010 0.000010 0.999960 0.000010 0.000010
0.000010 0.000010 0.907967 0.016077 0.075936
0.000010 0.000010 0.999960 0.000010 0.000010
0.000010 0.000010 0.999960 0.000010 0.000010
0.005602 0.022109 0.857830 0.042847 0.071611
0.009243 0.152983 0.152631 0.606152 0.078991
0.000011 0.000010 0.101484 0.883474 0.015021
0.014793 0.020036 0.749793 0.013301 0.202078
0.000010 0.019533 0.050887 0.929560 0.000010
0.001412 0.019340 0.022647 0.956591 0.000010
0.029854 0.035544 0.230984 0.000010 0.703608
0.004371 0.684284 0.086935 0.183324 0.041086
0.000010 0.768132 0.068678 0.105287 0.057893
0.076033 0.000010 0.159995 0.000010 0.763953
0.013096 0.034486 0.056666 0.874863 0.020889
0.000010 0.207106 0.144143 0.579500 0.069241
0.008150 0.173080 0.141627 0.594101 0.083041
0.002085 0.018542 0.044636 0.934726 0.000010
0.000010 0.155432 0.153367 0.615117 0.076074
0.000010 0.209593 0.151069 0.560319 0.079010
0.000010 0.000019 0.044867 0.955094 0.000010
0.077765 0.000010 0.132083 0.000010 0.790132
0.005688 0.033243 0.076081 0.875886 0.009102
0.000010 0.000010 0.000010 0.999960 0.000010
0.000010 0.000010 0.000010 0.999960 0.000010
0.000010 0.000010 0.000010 0.999960 0.000010
0.000010 0.000010 0.000010 0.999960 0.000010
0.000010 0.000014 0.000010 0.999956 0.000010
0.009814 0.021112 0.068780 0.896806 0.003488
0.001756 0.029772 0.054285 0.914176 0.000010
0.000010 0.173095 0.158133 0.606662 0.062100
0.004297 0.183717 0.153996 0.556103 0.101887
0.121718 0.045955 0.093824 0.115434 0.623068
0.068153 0.609519 0.030606 0.163646 0.128076
0.999960 0.000010 0.000010 0.000010 0.000010
0.999960 0.000010 0.000010 0.000010 0.000010
0.999960 0.000010 0.000010 0.000010 0.000010
0.909865 0.046672 0.011276 0.029557 0.002630
0.966586 0.000010 0.005091 0.000010 0.028303
0.999960 0.000010 0.000010 0.000010 0.000010
0.752070 0.073378 0.000010 0.174533 0.000010
0.999960 0.000010 0.000010 0.000010 0.000010
0.999960 0.000010 0.000010 0.000010 0.000010
0.999960 0.000010 0.000010 0.000010 0.000010
0.999960 0.000010 0.000010 0.000010 0.000010
0.999960 0.000010 0.000010 0.000010 0.000010
0.852124 0.040747 0.000010 0.101259 0.005859
0.953820 0.000010 0.040132 0.003662 0.002376
0.956959 0.000010 0.043011 0.000010 0.000010
0.057676 0.046696 0.006276 0.000010 0.889341
0.999960 0.000010 0.000010 0.000010 0.000010
0.999960 0.000010 0.000010 0.000010 0.000010
