0.769577 0.002500 0.174760 0.053164
0.761460 0.010978 0.183384 0.044178
0.734536 0.000010 0.175255 0.090200
0.751835 0.000010 0.176112 0.072044
0.821834 0.003159 0.125984 0.049023
0.795907 0.001452 0.155175 0.047465
0.774718 0.017156 0.134248 0.073878
0.999970 0.000010 0.000010 0.000010
0.753660 0.000010 0.174498 0.071831
0.999970 0.000010 0.000010 0.000010
0.707080 0.007987 0.207287 0.077645
0.053831 0.000010 0.068472 0.877688
0.109202 0.012738 0.142284 0.735776
0.030093 0.000010 0.060288 0.909610
0.051055 0.000010 0.093456 0.855479
0.059413 0.006233 0.024093 0.910261
0.037616 0.001161 0.051319 0.909904
0.000010 0.000010 0.000010 0.999970
0.000010 0.000010 0.000010 0.999970
0.040046 0.000010 0.057881 0.902063
0.045369 0.005614 0.081122 0.867895
0.060740 0.000010 0.093720 0.845530
0.058780 0.000010 0.005724 0.935486
0.061259 0.010892 0.097277 0.830573
0.055660 0.000010 0.082176 0.862154
0.047833 0.000010 0.056639 0.895518
0.999968 0.000012 0.000010 0.000010
0.999970 0.000010 0.000010 0.000010
0.797928 0.006390 0.148303 0.047379
0.849217 0.000010 0.115296 0.035476
0.999967 0.000010 0.000013 0.000010
0.849529 0.000010 0.126694 0.023767
0.999970 0.000010 0.000010 0.000010
0.999970 0.000010 0.000010 0.000010
0.999970 0.000010 0.000010 0.000010
0.876929 0.000010 0.095392 0.027669
0.999970 0.000010 0.000010 0.000010
0.932393 0.000010 0.067587 0.000010
0.795837 0.000010 0.124429 0.079724
0.999967 0.000010 0.000013 0.000010
0.973806 0.000010 0.026174 0.000010
0.000010 0.000010 0.073832 0.926148
0.000010 0.000010 0.077582 0.922398
0.000010 0.000010 0.096128 0.903852
0.000010 0.000010 0.095564 0.904416
0.000010 0.000010 0.079486 0.920494
0.000010 0.000010 0.103937 0.896043
0.000010 0.000010 0.084819 0.915161
0.000010 0.000010 0.105328 0.894652
0.000010 0.000010 0.110413 0.889567
0.000010 0.000010 0.068648 0.931332
0.000010 0.000010 0.099531 0.900449
0.000010 0.000010 0.072809 0.927171
0.000010 0.000010 0.083525 0.916455
0.000010 0.000010 0.128625 0.871355
0.000010 0.000010 0.056444 0.943536
0.000010 0.034253 0.965727 0.000010
0.000010 0.015762 0.984218 0.000010
0.022495 0.027258 0.950236 0.000010
0.003115 0.029282 0.967593 0.000010
0.030458 0.033008 0.936524 0.000010
0.033998 0.040857 0.925135 0.000010
0.027524 0.036225 0.936241 0.000010
0.035744 0.032535 0.931710 0.000010
0.013429 0.030948 0.955612 0.000010
0.000010 0.015786 0.984194 0.000010
0.000010 0.042364 0.957616 0.000010
0.032490 0.035832 0.931668 0.000010
0.043113 0.033423 0.923454 0.000010
0.027506 0.037425 0.935059 0.000010
0.026816 0.041539 0.931635 0.000010
0.816785 0.000010 0.127197 0.056008
0.882230 0.000010 0.115223 0.002537
0.855378 0.000010 0.106456 0.038155
0.142474 0.009694 0.212704 0.635128
0.000010 0.009366 0.990614 0.000010
0.000010 0.000010 0.972225 0.027755
0.000010 0.999970 0.000010 0.000010
0.006452 0.009769 0.983769 0.000010
0.000010 0.000010 0.999970 0.000010
0.000010 0.001259 0.998721 0.000010
0.007584 0.143291 0.849116 0.000010
0.004827 0.146048 0.849115 0.000010
0.010462 0.005524 0.984004 0.000010
0.000010 0.000010 0.996809 0.003171
0.000010 0.140532 0.859448 0.000010
0.063954 0.018097 0.845837 0.072112
0.000010 0.140662 0.859318 0.000010
0.049741 0.035515 0.843681 0.071064
0.030802 0.023357 0.896757 0.049084
0.021339 0.008534 0.957414 0.012714
0.000010 0.000010 0.984128 0.015852
0.024431 0.011428 0.947928 0.016213
0.048235 0.012474 0.899269 0.040022
0.041657 0.021885 0.882885 0.053573
0.000010 0.003243 0.973322 0.023425
0.021093 0.011130 0.926853 0.040924
0.033426 0.028482 0.875457 0.062635
0.001441 0.003480 0.975552 0.019528
0.044698 0.007201 0.877152 0.070949
0.006032 0.002511 0.946434 0.045023
0.052819 0.015295 0.878170 0.053716
0.059128 0.040190 0.846688 0.053994
0.051026 0.050626 0.874837 0.023511
0.170311 0.050067 0.604800 0.174822
0.036921 0.032322 0.884916 0.045840
0.026958 0.024418 0.917801 0.030823
0.035615 0.025666 0.874792 0.063927
0.031275 0.015210 0.924237 0.029279
0.008180 0.000010 0.966994 0.024817
0.031092 0.025024 0.899441 0.044443
0.076803 0.075868 0.832092 0.015236
0.000010 0.000010 0.995362 0.004618
0.000010 0.000010 0.950349 0.049631
0.012901 0.000010 0.929294 0.057795
0.000010 0.000010 0.999970 0.000010
0.000010 0.000010 0.999970 0.000010
0.161483 0.054202 0.621566 0.162749
0.052995 0.036932 0.910063 0.000010
0.046994 0.038688 0.914308 0.000010
0.076220 0.045335 0.878435 0.000010
0.023726 0.032177 0.944086 0.000010
0.056015 0.061642 0.880928 0.001414
0.064283 0.054048 0.860533 0.021136
0.014749 0.021823 0.896226 0.067201
0.033270 0.026518 0.894793 0.045419
0.029837 0.014261 0.913622 0.042280
0.021762 0.014106 0.932465 0.031667
0.057215 0.031582 0.892110 0.019092
0.076366 0.051071 0.862803 0.009760
0.000010 0.000010 0.960380 0.039600
0.000010 0.000010 0.991052 0.008928
0.000010 0.000010 0.999970 0.000010
0.000010 0.000010 0.996245 0.003735
0.000010 0.000010 0.999970 0.000010
0.000010 0.000010 0.987568 0.012412
0.000010 0.000010 0.996576 0.003404
0.000010 0.000010 0.948000 0.051980
0.000010 0.000010 0.999970 0.000010
0.000010 0.000010 0.999970 0.000010
0.008084 0.000010 0.916007 0.075899
0.154521 0.013306 0.216071 0.616102
0.000010 0.000010 0.105376 0.894604
0.013136 0.013061 0.936567 0.037236
0.023008 0.000010 0.035937 0.941045
0.022728 0.003007 0.007988 0.966277
0.056480 0.067211 0.876299 0.000010
0.684259 0.005493 0.123197 0.187051
0.769031 0.000010 0.123024 0.107935
0.014669 0.150336 0.834984 0.000010
0.036606 0.013682 0.065974 0.883738
0.208357 0.000010 0.203255 0.588378
0.174267 0.011213 0.212079 0.602442
0.021634 0.002893 0.032681 0.942792
0.156507 0.001934 0.216490 0.625069
0.210457 0.004507 0.216247 0.568788
0.009087 0.000010 0.019002 0.971902
0.008492 0.160550 0.830948 0.000010
0.034269 0.007507 0.072525 0.885699
0.000010 0.000010 0.000010 0.999970
0.000010 0.000010 0.000010 0.999970
0.000010 0.000010 0.000010 0.999970
0.000010 0.000010 0.000010 0.999970
0.000010 0.000010 0.000010 0.999970
0.023164 0.007927 0.061671 0.907238
0.032304 0.002380 0.040525 0.924791
0.173288 0.000010 0.210301 0.616401
0.185783 0.006062 0.244133 0.564022
0.067561 0.176606 0.645994 0.109839
0.615769 0.070181 0.152555 0.161495
0.000010 0.999970 0.000010 0.000010
0.000010 0.999970 0.000010 0.000010
0.000010 0.999970 0.000010 0.000010
0.045539 0.911308 0.009719 0.033433
0.000010 0.970104 0.029876 0.000010
0.000010 0.999970 0.000010 0.000010
0.071880 0.752801 0.000010 0.175309
0.000014 0.999966 0.000010 0.000010
0.000010 0.999970 0.000010 0.000010
0.000010 0.999970 0.000010 0.000010
0.000010 0.999966 0.000014 0.000010
0.000010 0.999970 0.000010 0.000010
0.041076 0.854332 0.000010 0.104582
0.000010 0.954165 0.039528 0.006297
0.000010 0.946483 0.053497 0.000010
0.062934 0.121446 0.815610 0.000010
0.000010 0.999970 0.000010 0.000010
0.000010 0.999970 0.000010 0.000010
