0.162370 0.080838 0.756792
0.196374 0.062681 0.740946
0.162371 0.115964 0.721665
0.163850 0.097753 0.738396
0.135487 0.058165 0.806348
0.149057 0.067751 0.783192
0.144996 0.094081 0.760923
0.000010 0.000010 0.999980
0.166578 0.089915 0.743506
0.000010 0.000010 0.999980
0.210794 0.096129 0.693077
0.031959 0.886080 0.081961
0.130037 0.738055 0.131908
0.010864 0.920465 0.068671
0.058820 0.859882 0.081298
0.000010 0.905771 0.094219
0.022779 0.906738 0.070483
0.000010 0.999980 0.000010
0.000010 0.999980 0.000010
0.006934 0.918271 0.074795
0.035913 0.890242 0.073845
0.050385 0.856947 0.092668
0.000010 0.991120 0.008870
0.066241 0.847998 0.085761
0.034805 0.880711 0.084485
0.000010 0.951307 0.048683
0.000010 0.000010 0.999980
0.000010 0.000010 0.999980
0.162044 0.062984 0.774971
0.115968 0.045756 0.838276
0.000013 0.000010 0.999977
0.130820 0.033051 0.836129
0.000010 0.000010 0.999980
0.000010 0.000010 0.999980
0.000010 0.000010 0.999980
0.095246 0.038402 0.866352
0.000010 0.000010 0.999980
0.076982 0.000010 0.923008
0.118718 0.095761 0.785521
0.000013 0.000010 0.999977
0.028878 0.000010 0.971112
0.000015 0.999975 0.000010
0.000010 0.999980 0.000010
0.000010 0.999980 0.000010
0.000010 0.999980 0.000010
0.000010 0.999980 0.000010
0.000010 0.999980 0.000010
0.000010 0.999980 0.000010
0.000010 0.999980 0.000010
0.000010 0.999980 0.000010
0.000010 0.999980 0.000010
0.000010 0.999980 0.000010
0.000016 0.999974 0.000010
0.000010 0.999980 0.000010
0.010242 0.989748 0.000010
0.000010 0.999980 0.000010
0.999980 0.000010 0.000010
0.999980 0.000010 0.000010
0.999980 0.000010 0.000010
0.999980 0.000010 0.000010
0.999980 0.000010 0.000010
0.999980 0.000010 0.000010
0.999980 0.000010 0.000010
0.999980 0.000010 0.000010
0.999980 0.000010 0.000010
0.999980 0.000010 0.000010
0.999980 0.000010 0.000010
0.999980 0.000010 0.000010
0.999815 0.000010 0.000175
0.999980 0.000010 0.000010
0.999980 0.000010 0.000010
0.128264 0.072278 0.799458
0.116909 0.018473 0.864618
0.116504 0.044556 0.838940
0.224532 0.612918 0.162550
0.873246 0.100815 0.025939
0.822471 0.162158 0.015371
0.904128 0.045089 0.050782
0.983316 0.016674 0.000010
0.948043 0.051947 0.000010
0.942565 0.057425 0.000010
0.937420 0.036263 0.026317
0.925539 0.052853 0.021608
0.977056 0.022934 0.000010
0.863913 0.136077 0.000010
0.999980 0.000010 0.000010
0.809253 0.138891 0.051856
0.999980 0.000010 0.000010
0.833428 0.122913 0.043659
0.878309 0.107129 0.014561
0.930362 0.069628 0.000010
0.903341 0.096649 0.000010
0.880853 0.097618 0.021529
0.867790 0.100363 0.031846
0.863248 0.112231 0.024520
0.891910 0.108080 0.000010
0.869511 0.113379 0.017110
0.870631 0.106462 0.022907
0.907806 0.092184 0.000010
0.809058 0.145164 0.045778
0.871718 0.123246 0.005036
0.855737 0.107724 0.036538
0.863278 0.096039 0.040683
0.913422 0.064241 0.022337
0.607431 0.223266 0.169303
0.876568 0.101723 0.021710
0.905597 0.086509 0.007893
0.848511 0.125080 0.026409
0.894378 0.089484 0.016138
0.883997 0.103543 0.012460
0.877587 0.110934 0.011480
0.905916 0.039042 0.055042
0.823122 0.163104 0.013775
0.813123 0.168211 0.018665
0.791168 0.169033 0.039799
0.868437 0.120858 0.010705
0.822540 0.162704 0.014756
0.632945 0.209818 0.157237
0.999980 0.000010 0.000010
0.996653 0.000010 0.003337
0.961932 0.000010 0.038058
0.999980 0.000010 0.000010
0.944832 0.027326 0.027842
0.913125 0.049975 0.036899
0.877232 0.120927 0.001841
0.886321 0.099536 0.014143
0.868633 0.109874 0.021493
0.878001 0.102415 0.019585
0.907047 0.063284 0.029670
0.901411 0.050433 0.048156
0.807990 0.118792 0.073219
0.973866 0.000010 0.026124
0.995458 0.004532 0.000010
0.951518 0.048472 0.000010
